{
 "cells": [
  {
   "metadata": {},
   "cell_type": "markdown",
   "source": [
    "\n",
    "|       | Ile 1 | Ile 2 | Ile 3 | Ile 4 |\n",
    "|-------|-------|-------|-------|-------|\n",
    "| **Ile 1** | 0     | 0.3   | 0.3   | 0.4   |\n",
    "| **Ile 2** | 0.3   | 0     | 0.4   | 0.3   |\n",
    "| **Ile 3** | 0.3   | 0.4   | 0     | 0.3   |\n",
    "| **Ile 4** | 0.4   | 0.3   | 0.3   | 0     |"
   ],
   "id": "eeef1923334fad5c"
  },
  {
   "metadata": {
    "ExecuteTime": {
     "end_time": "2025-01-23T23:40:53.170293Z",
     "start_time": "2025-01-23T23:40:53.166480Z"
    }
   },
   "cell_type": "code",
   "source": [
    "# diviser la poputions en sous populations (5 pour les 5 opérateurs de mutation => 1 opérateur par ile)\n",
    "# migrations d'une ile a l'autre géré par des probabilités\n",
    "# matrice de transition pour stocker les probabilités de migration\n",
    "# graphe de transition des iles complet (chaque ile est reliée à toutes les autres)\n",
    "# a chaque migration, on récupère le feedback de la fitness de l'individu migré et on met à jour la matrice de transition\n",
    "# 𝑀(𝑡+1) = 𝑓(𝑀 𝑡 ) => f est une fonction de mise à jour de la matrice de transition\n",
    "# variables du problème :\n",
    "# • Ensemble d’iles 𝐼 = {𝑖1,…, 𝑖𝑛}\n",
    "# • Ensemble d’opérateurs/algos A = {𝑎1,…, 𝑎𝑛}, 𝑎𝑘 \n",
    "# affecté à 𝑖𝑘\n",
    "# • Ensemble de populations P = {𝑝1,…, 𝑝𝑛}\n",
    "# • Topologie 𝐼, 𝑉 (ici graphe complet)\n",
    "# • Matrice de migration 𝑀 de taille 𝑛 × 𝑛, 𝑀 𝑖, 𝑗 ∈ 0,1\n",
    "# • Politique de migration Π: 𝐼 × 𝑀 → 𝐼\n",
    "\n",
    "# fonction f de learing de la matrice de transition\n",
    "# 𝑀(𝑡+1) = 1 − 𝛽 𝛼𝑀 𝑡 𝑖, 𝑘 + 1 − 𝛼 𝑅 t k + 𝛽𝑁 𝑡 (𝑘)\n",
    "# 𝛽𝑁 𝑡 (𝑘) bruit de migration (permet la diversification)\n",
    "# 1 − 𝛼 𝑅 t k  R => récompense de la migration alpha est le taux d'apprentissage\n",
    "# 𝛼𝑀 𝑡 𝑖, 𝑘 + 1 − 𝛼 𝑅 t k meme stratégie de mis a jour que pour les Q-Learning\n",
    "# 𝛼𝑀 𝑡 𝑖, 𝑘 + 1 − 𝛼 𝑅 t k  partie réenforcement\n",
    "# # fonction de récompense :\n",
    "# 𝐸𝑙𝑖𝑡𝑖𝑠𝑡 𝑅𝑖\n",
    "# 𝑡 𝑘 =\n",
    "# 1 / |𝐵| 𝑖𝑓 𝑘 ∈ 𝐵𝑒𝑠𝑡 sinon\n",
    "# 0\n",
    "\n",
    "# pseudo code de l'algorithme\n",
    "# Initialize population;\n",
    "# repeat\n",
    "# foreach population do\n",
    "# foreach individual do\n",
    "# One local search iteration;\n",
    "# Update the Transition Matrix T;\n",
    "# Migration Process;\n",
    "# until stop condition;\n",
    "# Algorithm : Generic Dynamic Island Model (DIM)\n",
    "\n",
    "# he crucial point concerns the update of the transition\n",
    "# matrix T , which follows a learning process:\n",
    "# Tt = (1 − β)(α.Tt−1 + (1 − α).Rt) + β.Nt\n",
    "\n",
    "# For an easier representation, we identify each island\n",
    "# by an ordinal; for example, ({1, . . . , N }, {1, . . . , N }2)\n",
    "# represents the topology of a N -islands model.\n",
    "# Migration policies are given by a transition (stochas-\n",
    "# tic) matrix T of size n, where T (i, j) represents the\n",
    "# probability for an individual to migrate from island i to\n",
    "# island j (or to stay at the same island if i = j). Since\n",
    "# the model is dynamic, T can be updated before of after\n",
    "# each migration process. One can denote Tt the matrix\n",
    "# at time (or generation) t\n",
    "\n",
    "# reward function\n",
    "# Rt(i, j) =\n",
    "# {\n",
    "# 1/|B| if j ∈ B,\n",
    "# 0 otherwise,\n",
    "# with B = argmax\n",
    "# j′\n",
    "# ∑\n",
    "# x∈Mij′t acc(x)\n",
    "# |Mij′t|\n",
    "\n",
    "# la reward se caclul sur l'ameliortion de la fitness de l'individu migré. on calcul l'amelioration moyenne pour chaque ile ou on a envoyé des individu.\n",
    "# on partage la reward entre les iles qui ont reçu des individus qui ont amélioré la meilleur amelioraiton moyenne.\n",
    "# B : meilleur ile => | B | nombre des meilleurs ile, ils devront partager la reward\n"
   ],
   "id": "fc2685aaf78748e6",
   "outputs": [],
   "execution_count": 38
  },
  {
   "metadata": {
    "ExecuteTime": {
     "end_time": "2025-01-23T23:40:54.878078Z",
     "start_time": "2025-01-23T23:40:53.205775Z"
    }
   },
   "cell_type": "code",
   "source": [
    "import random\n",
    "import matplotlib.pyplot as plt\n",
    "from collections import defaultdict\n",
    "\n",
    "# Définition des constantes\n",
    "TAILLE_VECTEUR = 100\n",
    "TAILLE_POPULATION = 20\n",
    "MAX_ITER = 5000\n",
    "N = 4  # Nombre d'îles\n",
    "\n",
    "# Définition des opérateurs de mutation\n",
    "def mutation1flip(individu):\n",
    "    \"\"\"Mutation qui inverse un seul bit aléatoire.\"\"\"\n",
    "    idx = random.randint(0, TAILLE_VECTEUR - 1)\n",
    "    individu.bits[idx] = 1 - individu.bits[idx]\n",
    "    return individu\n",
    "\n",
    "def mutation3flip(individu):\n",
    "    \"\"\"Mutation qui inverse trois bits aléatoires distincts.\"\"\"\n",
    "    indices = random.sample(range(TAILLE_VECTEUR), 3)\n",
    "    for idx in indices:\n",
    "        individu.bits[idx] = 1 - individu.bits[idx]\n",
    "    return individu\n",
    "\n",
    "def mutation5flip(individu):\n",
    "    \"\"\"Mutation qui inverse cinq bits aléatoires distincts.\"\"\"\n",
    "    indices = random.sample(range(TAILLE_VECTEUR), 5)\n",
    "    for idx in indices:\n",
    "        individu.bits[idx] = 1 - individu.bits[idx]\n",
    "    return individu\n",
    "\n",
    "def mutationBitFlip(individu):\n",
    "    \"\"\"Mutation qui inverse chaque bit avec une probabilité de 1/TAILLE_VECTEUR.\"\"\"\n",
    "    for i in range(TAILLE_VECTEUR):\n",
    "        if random.random() < 1/TAILLE_VECTEUR:\n",
    "            individu.bits[i] = 1 - individu.bits[i]\n",
    "    return individu\n",
    "\n",
    "# Définition des classes\n",
    "class Individu:\n",
    "    def __init__(self):\n",
    "        # Initialisation aléatoire des bits\n",
    "        self.bits = [0 for _ in range(TAILLE_VECTEUR)]\n",
    "        self.origin = None\n",
    "        self.currentIsland = None\n",
    "        self.upgrade = 0\n",
    "    \n",
    "    def getFitness(self):\n",
    "        return sum(self.bits)\n",
    "\n",
    "class Island:\n",
    "    def __init__(self, id, operator, name):\n",
    "        self.id = id\n",
    "        self.population = [Individu() for _ in range(TAILLE_POPULATION)]\n",
    "        self.operator = operator\n",
    "        self.name = name\n",
    "        \n",
    "    def getBestElement(self):\n",
    "        if not self.population:\n",
    "            return None\n",
    "        return max(self.population, key=lambda x: x.getFitness())\n",
    "    \n",
    "    def getBestFitness(self):\n",
    "        best = self.getBestElement()\n",
    "        if best:\n",
    "            return best.getFitness()\n",
    "        return 0\n",
    "\n",
    "class Archipelo:\n",
    "    def __init__(self):\n",
    "        self.islands = [\n",
    "            Island(0, mutation1flip, \"Ile 1flip\"),\n",
    "            Island(1, mutation3flip, \"Ile 3flip\"),\n",
    "            Island(2, mutation5flip, \"Ile 5flip\"),\n",
    "            Island(3, mutationBitFlip, \"Ile BitFlip\")\n",
    "        ]\n",
    "        self.migrationMatrix = [[1/N for _ in range(N)] for _ in range(N)]\n",
    "        self.rewardMatrix = [[0.0 for _ in range(N)] for _ in range(N)]\n",
    "        self.bestFitness = 0\n",
    "        self.bestIndividual = None  # Renommé pour refléter qu'il s'agit d'un individu\n",
    "        self.alpha = 0.8  # Ajusté\n",
    "        self.beta = 0.05   # Ajusté\n",
    "        self.noise = 0.1\n",
    "        \n",
    "    def getBestElement(self):\n",
    "        # Sélectionner le meilleur élément parmi toutes les îles non vides\n",
    "        best_elements = []\n",
    "        for island in self.islands:\n",
    "            best = island.getBestElement()\n",
    "            if best is not None:\n",
    "                best_elements.append(best)\n",
    "        if not best_elements:\n",
    "            return None\n",
    "        return max(best_elements, key=lambda x: x.getFitness())\n",
    "    \n",
    "    def getBestFitness(self):\n",
    "        best_element = self.getBestElement()\n",
    "        if best_element:\n",
    "            return best_element.getFitness()\n",
    "        return 0\n",
    "    \n",
    "    def updateMigrationMatrix(self):\n",
    "        for i in range(N):\n",
    "            for j in range(N):\n",
    "                self.migrationMatrix[i][j] = (\n",
    "                    (1 - self.beta) * (\n",
    "                        self.alpha * self.migrationMatrix[i][j] + \n",
    "                        (1 - self.alpha) * self.rewardMatrix[i][j]\n",
    "                    ) + \n",
    "                    self.beta * self.noise\n",
    "                )\n",
    "        # Normaliser la matrice de migration\n",
    "        for i in range(N):\n",
    "            row_sum = sum(self.migrationMatrix[i])\n",
    "            if row_sum != 0:\n",
    "                self.migrationMatrix[i] = [prob / row_sum for prob in self.migrationMatrix[i]]\n",
    "            else:\n",
    "                # Si la somme est 0, réinitialiser à une distribution uniforme\n",
    "                self.migrationMatrix[i] = [1/N for _ in range(N)]\n",
    "\n",
    "    \n",
    "   def updateRewardMatrix(self):\n",
    "    num_islands = len(self.islands)\n",
    "    # Initialiser la matrice de récompense\n",
    "    self.rewardMatrix = [[0.0 for _ in range(num_islands)] for _ in range(num_islands)]\n",
    "    \n",
    "    # Créer un mapping d'id à index pour les îles\n",
    "    id_to_index = {island.id: index for index, island in enumerate(self.islands)}\n",
    "    \n",
    "    for source_island in self.islands:\n",
    "        # Récupérer tous les migrants dont l'origine est source_island.id\n",
    "        migrants = [ind for island in self.islands for ind in island.population if ind.origin == source_island.id]\n",
    "        \n",
    "        # Séparer les migrants par île de destination\n",
    "        migrantsByDestination = defaultdict(list)\n",
    "        for ind in migrants:\n",
    "            migrantsByDestination[ind.currentIsland].append(ind)\n",
    "        \n",
    "        # Calculer la fitness moyenne pour chaque île de destination\n",
    "        fitness_moyenne = {}\n",
    "        for dest_island in self.islands:\n",
    "            migrants_dest = migrantsByDestination.get(dest_island.id, [])\n",
    "            if migrants_dest:\n",
    "                fitness_moyenne[dest_island.id] = sum(ind.getFitness() for ind in migrants_dest) / len(migrants_dest)\n",
    "            else:\n",
    "                fitness_moyenne[dest_island.id] = 0\n",
    "        \n",
    "        if fitness_moyenne:\n",
    "            max_fitness = max(fitness_moyenne.values())\n",
    "        else:\n",
    "            max_fitness = 0\n",
    "        \n",
    "        # Déterminer les meilleures îles\n",
    "        best_island_ids = [island_id for island_id, fitness in fitness_moyenne.items() if fitness == max_fitness and fitness > 0]\n",
    "        bestIslands = [island for island in self.islands if island.id in best_island_ids]\n",
    "        \n",
    "        # Partager la récompense entre les meilleures îles\n",
    "        if bestIslands:\n",
    "            reward_per_best = 1.0 / len(bestIslands)\n",
    "            source_index = id_to_index[source_island.id]\n",
    "            for best in bestIslands:\n",
    "                best_index = id_to_index[best.id]\n",
    "                self.rewardMatrix[source_index][best_index] += reward_per_best\n",
    "        else:\n",
    "            # Si aucune île n'est meilleure, attribuer une récompense uniforme minimale\n",
    "            source_index = id_to_index[source_island.id]\n",
    "            for j in range(num_islands):\n",
    "                self.rewardMatrix[source_index][j] += 1.0 / num_islands * 0.1  # Ajustez le facteur selon vos besoins\n",
    "\n",
    "\n",
    "\n",
    "    \n",
    "    def applyMutation(self):\n",
    "        for island in self.islands:\n",
    "            for ind in island.population:\n",
    "                fitness_before = ind.getFitness()\n",
    "                island.operator(ind)\n",
    "                fitness_after = ind.getFitness()\n",
    "                ind.upgrade = fitness_after - fitness_before\n",
    "    \n",
    "    def migration(self):\n",
    "        for source_island in self.islands:\n",
    "            destinations = list(range(N)) \n",
    "            probabilities = self.migrationMatrix[source_island.id]\n",
    "            # Permettre que toutes les populations puissent devenir vides\n",
    "            for ind in source_island.population[:]:\n",
    "                destination = random.choices(destinations, weights=probabilities, k=1)[0]\n",
    "                # Mettre à jour les informations de l'individu\n",
    "                ind.origin = source_island.id\n",
    "                ind.currentIsland = destination\n",
    "                \n",
    "                # Effectuer la migration\n",
    "                source_island.population.remove(ind)\n",
    "                self.islands[destination].population.append(ind)\n",
    "\n",
    "        \n",
    "    def evaluate(self):\n",
    "        \"\"\"Met à jour le meilleur fitness global.\"\"\"\n",
    "        current_best = self.getBestFitness()\n",
    "        if current_best > self.bestFitness:\n",
    "            self.bestFitness = current_best\n",
    "            self.bestIndividual = self.getBestElement()\n",
    "    \n",
    "    def displayStatus(self, generation):\n",
    "        \"\"\"Affiche le statut actuel de l'algorithme.\"\"\"\n",
    "        print(f\"--- Génération {generation} ---\")\n",
    "        for island in self.islands:\n",
    "            best_fit = island.getBestFitness()\n",
    "            population_size = len(island.population)\n",
    "            print(f\"{island.name}: Meilleur Fitness = {best_fit}, Population = {population_size}\")\n",
    "        print(f\"Meilleur Fitness Global: {self.bestFitness}\\n\")\n",
    "\n",
    "def main():\n",
    "    # Initialisation de l'algorithme\n",
    "    archipelo = Archipelo()\n",
    "    \n",
    "    # Initialisation des îles : Assignation de currentIsland et origin pour chaque individu\n",
    "    for island in archipelo.islands:\n",
    "        for ind in island.population:\n",
    "            ind.currentIsland = island.id\n",
    "            ind.origin = island.id  # Initialement, l'origine est la même que l'île actuelle\n",
    "            # S'assurer que les bits sont bien aléatoires\n",
    "            ind.bits = [0 for _ in range(TAILLE_VECTEUR)]\n",
    "    \n",
    "    # Initialiser le suivi de la population de chaque île\n",
    "    population_history = {island.name: [] for island in archipelo.islands}\n",
    "    \n",
    "    # Liste pour stocker la meilleure fitness à chaque itération\n",
    "    best_fitness_history = []\n",
    "    \n",
    "    # Boucle principale de l'algorithme\n",
    "    for generation in range(1, MAX_ITER + 1):\n",
    "        if(generation < 20 or generation % 1000 == 0):\n",
    "            print(\"matrice de migration\")\n",
    "            print(archipelo.migrationMatrix)\n",
    "            print(\"matrice de récompense\")\n",
    "            print(archipelo.rewardMatrix)\n",
    "        # 1. Appliquer les mutations\n",
    "        archipelo.applyMutation()\n",
    "        \n",
    "        # 2. Évaluer et mettre à jour le meilleur fitness\n",
    "        archipelo.evaluate()\n",
    "        \n",
    "        # 3. Enregistrer la meilleure fitness pour le plot\n",
    "        best_fitness_history.append(archipelo.bestFitness)\n",
    "        \n",
    "        # 4. Enregistrer la taille de la population de chaque île\n",
    "        for island in archipelo.islands:\n",
    "            population_history[island.name].append(len(island.population))\n",
    "        \n",
    "        # 5. Afficher le statut actuel toutes les 1000 générations pour éviter trop de sorties\n",
    "        if generation % 1000 == 0 or generation == 1:\n",
    "            archipelo.displayStatus(generation)\n",
    "        \n",
    "        # 6. Mettre à jour la matrice de récompense\n",
    "        archipelo.updateRewardMatrix()\n",
    "        \n",
    "        # 7. Mettre à jour la matrice de migration\n",
    "        archipelo.updateMigrationMatrix()\n",
    "        \n",
    "        # 8. Effectuer la migration\n",
    "        archipelo.migration()\n",
    "        \n",
    "        # Optionnel : Arrêter prématurément si une fitness maximale est atteinte\n",
    "        if archipelo.bestFitness == TAILLE_VECTEUR:\n",
    "            print(f\"Fitness maximale atteinte à la génération {generation}.\")\n",
    "            break\n",
    "    \n",
    "    # Tracer l'évolution de la meilleure fitness\n",
    "    plt.figure(figsize=(12, 6))\n",
    "    plt.plot(best_fitness_history, label='Meilleure Fitness')\n",
    "    plt.xlabel('Génération')\n",
    "    plt.ylabel('Fitness')\n",
    "    plt.title('Évolution de la Meilleure Fitness au Fil des Générations')\n",
    "    plt.legend()\n",
    "    plt.grid(True)\n",
    "    plt.show()\n",
    "    \n",
    "    # Tracer l'évolution du nombre d'individus par île\n",
    "    plt.figure(figsize=(12, 6))\n",
    "    for name, history in population_history.items():\n",
    "        plt.plot(history, label=name)\n",
    "    plt.xlabel('Génération')\n",
    "    plt.ylabel('Nombre d\\'individus')\n",
    "    plt.title('Évolution du Nombre d\\'Individus par Île')\n",
    "    plt.legend()\n",
    "    plt.grid(True)\n",
    "    plt.show()\n",
    "    \n",
    "    print(\"matrice de migration\")\n",
    "    print(archipelo.migrationMatrix)\n",
    "    print(\"matrice de récompense\")\n",
    "    print(archipelo.rewardMatrix)\n",
    "\n",
    "if __name__ == \"__main__\":\n",
    "    main()\n"
   ],
   "id": "30ebabc4976824f4",
   "outputs": [
    {
     "name": "stdout",
     "output_type": "stream",
     "text": [
      "matrice de migration\n",
      "[[0.25, 0.25, 0.25, 0.25], [0.25, 0.25, 0.25, 0.25], [0.25, 0.25, 0.25, 0.25], [0.25, 0.25, 0.25, 0.25]]\n",
      "matrice de récompense\n",
      "[[0.0, 0.0, 0.0, 0.0], [0.0, 0.0, 0.0, 0.0], [0.0, 0.0, 0.0, 0.0], [0.0, 0.0, 0.0, 0.0]]\n",
      "--- Génération 1 ---\n",
      "Ile 1flip: Meilleur Fitness = 1, Population = 20\n",
      "Ile 3flip: Meilleur Fitness = 3, Population = 20\n",
      "Ile 5flip: Meilleur Fitness = 5, Population = 20\n",
      "Ile BitFlip: Meilleur Fitness = 5, Population = 20\n",
      "Meilleur Fitness Global: 5\n",
      "\n",
      "matrice de migration\n",
      "[[0.39690721649484534, 0.20103092783505155, 0.20103092783505155, 0.20103092783505155], [0.20103092783505155, 0.39690721649484534, 0.20103092783505155, 0.20103092783505155], [0.20103092783505155, 0.20103092783505155, 0.39690721649484534, 0.20103092783505155], [0.20103092783505155, 0.20103092783505155, 0.20103092783505155, 0.39690721649484534]]\n",
      "matrice de récompense\n",
      "[[1.0, 0.0, 0.0, 0.0], [0.0, 1.0, 0.0, 0.0], [0.0, 0.0, 1.0, 0.0], [0.0, 0.0, 0.0, 1.0]]\n",
      "matrice de migration\n",
      "[[0.5120097778722499, 0.1626634073759167, 0.1626634073759167, 0.1626634073759167], [0.1626634073759167, 0.5120097778722499, 0.1626634073759167, 0.1626634073759167], [0.1626634073759167, 0.1626634073759167, 0.5120097778722499, 0.1626634073759167], [0.1626634073759167, 0.1626634073759167, 0.35853969603571045, 0.3161334892124561]]\n",
      "matrice de récompense\n",
      "[[1.0, 0.0, 0.0, 0.0], [0.0, 1.0, 0.0, 0.0], [0.0, 0.0, 1.0, 0.0], [0.0, 0.0, 1.0, 0.0]]\n",
      "matrice de migration\n",
      "[[0.6021932280236184, 0.1326022573254605, 0.1326022573254605, 0.1326022573254605], [0.1326022573254605, 0.6021932280236184, 0.1326022573254605, 0.1326022573254605], [0.1326022573254605, 0.1326022573254605, 0.6021932280236184, 0.1326022573254605], [0.1326022573254605, 0.1326022573254605, 0.4819486278217937, 0.25284685752728525]]\n",
      "matrice de récompense\n",
      "[[1.0, 0.0, 0.0, 0.0], [0.0, 1.0, 0.0, 0.0], [0.0, 0.0, 1.0, 0.0], [0.0, 0.0, 1.0, 0.0]]\n",
      "matrice de migration\n",
      "[[0.6728524260803609, 0.10904919130654639, 0.10904919130654639, 0.10904919130654639], [0.10904919130654639, 0.6728524260803609, 0.10904919130654639, 0.10904919130654639], [0.10904919130654639, 0.10904919130654639, 0.6728524260803609, 0.10904919130654639], [0.10904919130654638, 0.10904919130654638, 0.5786401620047045, 0.2032614553822029]]\n",
      "matrice de récompense\n",
      "[[1.0, 0.0, 0.0, 0.0], [0.0, 1.0, 0.0, 0.0], [0.0, 0.0, 1.0, 0.0], [0.0, 0.0, 1.0, 0.0]]\n",
      "matrice de migration\n",
      "[[0.7282142719804889, 0.09059524267317036, 0.09059524267317036, 0.09059524267317036], [0.2864715313329641, 0.5323379833206952, 0.09059524267317036, 0.09059524267317036], [0.09059524267317036, 0.2864715313329641, 0.5323379833206952, 0.09059524267317036], [0.09059524267317036, 0.09059524267317036, 0.6543984774469849, 0.16441103720667444]]\n",
      "matrice de récompense\n",
      "[[1.0, 0.0, 0.0, 0.0], [1.0, 0.0, 0.0, 0.0], [0.0, 1.0, 0.0, 0.0], [0.0, 0.0, 1.0, 0.0]]\n",
      "matrice de migration\n",
      "[[0.7715905636135789, 0.0761364787954737, 0.0761364787954737, 0.0761364787954737], [0.42548284929180685, 0.4222441931172457, 0.0761364787954737, 0.0761364787954737], [0.0761364787954737, 0.22960656063201312, 0.6181204817770395, 0.0761364787954737], [0.0761364787954737, 0.0761364787954737, 0.7137555081027923, 0.13397153430626038]]\n",
      "matrice de récompense\n",
      "[[1.0, 0.0, 0.0, 0.0], [1.0, 0.0, 0.0, 0.0], [0.0, 0.0, 1.0, 0.0], [0.0, 0.0, 1.0, 0.0]]\n",
      "matrice de migration\n",
      "[[0.8055761116972371, 0.06480796276758764, 0.06480796276758764, 0.06480796276758764], [0.5343989334657455, 0.3359851409990791, 0.06480796276758763, 0.06480796276758763], [0.06480796276758764, 0.1850525629694124, 0.6853315114954124, 0.06480796276758764], [0.06480796276758763, 0.06480796276758763, 0.7602620475856929, 0.11012202687913185]]\n",
      "matrice de récompense\n",
      "[[1.0, 0.0, 0.0, 0.0], [1.0, 0.0, 0.0, 0.0], [0.0, 0.0, 1.0, 0.0], [0.0, 0.0, 1.0, 0.0]]\n",
      "matrice de migration\n",
      "[[0.8322039638040207, 0.05593201206532641, 0.05593201206532641, 0.05593201206532641], [0.4238589581793471, 0.4642770176900002, 0.0559320120653264, 0.0559320120653264], [0.05593201206532641, 0.1501442761409829, 0.7379916997283643, 0.05593201206532641], [0.05593201206532639, 0.05593201206532639, 0.7967001609949759, 0.09143581487437136]]\n",
      "matrice de récompense\n",
      "[[1.0, 0.0, 0.0, 0.0], [0.0, 1.0, 0.0, 0.0], [0.0, 0.0, 1.0, 0.0], [0.0, 0.0, 1.0, 0.0]]\n",
      "matrice de migration\n",
      "[[0.8530670231866554, 0.04897765893778152, 0.04897765893778152, 0.04897765893778152], [0.3372503177487668, 0.5647943643756702, 0.04897765893778152, 0.04897765893778152], [0.04897765893778152, 0.12279345347128559, 0.7792512286531513, 0.04897765893778152], [0.048977658937781506, 0.048977658937781506, 0.825249610676476, 0.07679507144796106]]\n",
      "matrice de récompense\n",
      "[[1.0, 0.0, 0.0, 0.0], [0.0, 1.0, 0.0, 0.0], [0.0, 0.0, 1.0, 0.0], [0.0, 0.0, 1.0, 0.0]]\n",
      "matrice de migration\n",
      "[[0.8694133377544929, 0.04352888741516902, 0.04352888741516902, 0.04352888741516902], [0.46526829019491, 0.44767393497475194, 0.04352888741516902, 0.04352888741516902], [0.04352888741516902, 0.10136394292595573, 0.8115782822437062, 0.04352888741516902], [0.04352888741516902, 0.04352888741516902, 0.8476182516640429, 0.06532397350561897]]\n",
      "matrice de récompense\n",
      "[[1.0, 0.0, 0.0, 0.0], [1.0, 0.0, 0.0, 0.0], [0.0, 0.0, 1.0, 0.0], [0.0, 0.0, 1.0, 0.0]]\n",
      "matrice de migration\n",
      "[[0.882220759477747, 0.03925974684075098, 0.03925974684075098, 0.03925974684075098], [0.5655710314929192, 0.35590947482557883, 0.03925974684075098, 0.03925974684075098], [0.03925974684075098, 0.280450099612089, 0.641030406706409, 0.03925974684075098], [0.03925974684075098, 0.03925974684075098, 0.865144197180075, 0.056336309138423114]]\n",
      "matrice de récompense\n",
      "[[1.0, 0.0, 0.0, 0.0], [1.0, 0.0, 0.0, 0.0], [0.0, 1.0, 0.0, 0.0], [0.0, 0.0, 1.0, 0.0]]\n",
      "matrice de migration\n",
      "[[0.8922554404155544, 0.03591485319481521, 0.03591485319481521, 0.03591485319481521], [0.5462206019944521, 0.38194969161591746, 0.03591485319481521, 0.03591485319481521], [0.23179114185460897, 0.22488873784039962, 0.5074052671101762, 0.03591485319481521], [0.03591485319481521, 0.03591485319481521, 0.8788758658318112, 0.049294427778558324]]\n",
      "matrice de récompense\n",
      "[[1.0, 0.0, 0.0, 0.0], [0.5, 0.5, 0.0, 0.0], [1.0, 0.0, 0.0, 0.0], [0.0, 0.0, 1.0, 0.0]]\n",
      "matrice de migration\n",
      "[[0.9001176646554859, 0.03329411178150471, 0.03329411178150471, 0.03329411178150471], [0.4331212964080243, 0.5002904800289663, 0.03329411178150471, 0.03329411178150471], [0.18676419361804414, 0.181356124493509, 0.5985855701069421, 0.03329411178150471], [0.03329411178150471, 0.03329411178150471, 0.8896346990022438, 0.04377707743474673]]\n",
      "matrice de récompense\n",
      "[[1.0, 0.0, 0.0, 0.0], [0.0, 1.0, 0.0, 0.0], [0.0, 0.0, 1.0, 0.0], [0.0, 0.0, 1.0, 0.0]]\n",
      "matrice de migration\n",
      "[[0.9062777578744013, 0.031240747375199565, 0.031240747375199565, 0.031240747375199565], [0.34450740749494696, 0.5930110977546539, 0.03124074737519957, 0.03124074737519957], [0.1514853475770243, 0.3431243862010998, 0.47414951884667633, 0.031240747375199565], [0.22711703603499336, 0.03124074737519957, 0.7021880115893869, 0.03945420500042013]]\n",
      "matrice de récompense\n",
      "[[1.0, 0.0, 0.0, 0.0], [0.0, 1.0, 0.0, 0.0], [0.0, 1.0, 0.0, 0.0], [1.0, 0.0, 0.0, 0.0]]\n",
      "matrice de migration\n",
      "[[0.9111042226644793, 0.029631925778506877, 0.029631925778506877, 0.029631925778506877], [0.27507796875892754, 0.6656581796840587, 0.029631925778506884, 0.029631925778506884], [0.3197204785139572, 0.27399436444622255, 0.37665323126131345, 0.029631925778506877], [0.37897829627484014, 0.029631925778506884, 0.5553225657813753, 0.036067212165277626]]\n",
      "matrice de récompense\n",
      "[[1.0, 0.0, 0.0, 0.0], [0.0, 1.0, 0.0, 0.0], [1.0, 0.0, 0.0, 0.0], [1.0, 0.0, 0.0, 0.0]]\n",
      "matrice de migration\n",
      "[[0.91488578270619, 0.028371405764603327, 0.028371405764603327, 0.028371405764603327], [0.41655593428534526, 0.5267012541854481, 0.028371405764603334, 0.028371405764603334], [0.2556572821346469, 0.21983063606095785, 0.496140676039792, 0.028371405764603324], [0.3020860878029676, 0.028371405764603334, 0.6361290206122115, 0.033413485820217526]]\n",
      "matrice de récompense\n",
      "[[1.0, 0.0, 0.0, 0.0], [1.0, 0.0, 0.0, 0.0], [0.0, 0.0, 1.0, 0.0], [0.0, 0.0, 1.0, 0.0]]\n",
      "matrice de migration\n",
      "[[0.9178486544914478, 0.02738378183618405, 0.02738378183618405, 0.02738378183618405], [0.527404649543157, 0.4178277867844748, 0.027383781836184055, 0.027383781836184055], [0.40133972620858926, 0.17739307567662677, 0.39388341627859996, 0.02738378183618405], [0.24184064611366535, 0.027383781836184055, 0.6994412945002895, 0.03133427754986116]]\n",
      "matrice de récompense\n",
      "[[1.0, 0.0, 0.0, 0.0], [1.0, 0.0, 0.0, 0.0], [1.0, 0.0, 0.0, 0.0], [0.0, 0.0, 1.0, 0.0]]\n",
      "matrice de migration\n",
      "[[0.9201700798077324, 0.026609973397422555, 0.026609973397422555, 0.026609973397422555], [0.418378900672989, 0.5284011525321658, 0.026609973397422562, 0.026609973397422562], [0.5154826720809565, 0.1441430283651921, 0.31376432615642885, 0.026609973397422555], [0.3905143206663769, 0.026609973397422562, 0.5531704987837319, 0.02970520715246854]]\n",
      "matrice de récompense\n",
      "[[1.0, 0.0, 0.0, 0.0], [0.0, 1.0, 0.0, 0.0], [1.0, 0.0, 0.0, 0.0], [1.0, 0.0, 0.0, 0.0]]\n",
      "matrice de migration\n",
      "[[0.9285714285714286, 0.023809523809523826, 0.023809523809523826, 0.023809523809523826], [0.6546978368713116, 0.29768311545181275, 0.023809523838437832, 0.023809523838437832], [0.02382634715066212, 0.6643153213605582, 0.28803946962655425, 0.023818861862225416], [0.07380315452786203, 0.07056213396854248, 0.6979276539440628, 0.15770705755953268]]\n",
      "matrice de récompense\n",
      "[[1.0, 0.0, 0.0, 0.0], [1.0, 0.0, 0.0, 0.0], [0.0, 1.0, 0.0, 0.0], [0.025, 0.025, 0.025, 0.025]]\n",
      "--- Génération 1000 ---\n",
      "Ile 1flip: Meilleur Fitness = 60, Population = 68\n",
      "Ile 3flip: Meilleur Fitness = 55, Population = 10\n",
      "Ile 5flip: Meilleur Fitness = 40, Population = 1\n",
      "Ile BitFlip: Meilleur Fitness = 46, Population = 1\n",
      "Meilleur Fitness Global: 70\n",
      "\n",
      "matrice de migration\n",
      "[[0.9285714285714286, 0.023809523809523826, 0.023809523809523826, 0.023809523809523826], [0.3379362525175527, 0.6132597335099009, 0.02440200698627314, 0.02440200698627314], [0.21498473448600558, 0.11802181477750423, 0.6431839125126352, 0.023809538223855002], [0.07134090651319101, 0.5005937322632542, 0.026386032924641402, 0.4016793282989133]]\n",
      "matrice de récompense\n",
      "[[1.0, 0.0, 0.0, 0.0], [0.0, 1.0, 0.0, 0.0], [0.0, 0.0, 1.0, 0.0], [0.0, 0.0, 0.0, 1.0]]\n",
      "--- Génération 2000 ---\n",
      "Ile 1flip: Meilleur Fitness = 60, Population = 63\n",
      "Ile 3flip: Meilleur Fitness = 58, Population = 12\n",
      "Ile 5flip: Meilleur Fitness = 51, Population = 4\n",
      "Ile BitFlip: Meilleur Fitness = 61, Population = 1\n",
      "Meilleur Fitness Global: 70\n",
      "\n",
      "matrice de migration\n",
      "[[0.9285714285714286, 0.023809523809523826, 0.023809523809523826, 0.023809523809523826], [0.171598199267834, 0.7807827329569469, 0.02380953388760958, 0.02380953388760958], [0.6339077443789972, 0.2869545105887142, 0.0553282168517699, 0.0238095281805187], [0.025152411637403272, 0.35005274523520225, 0.2270664733103862, 0.39772836981700826]]\n",
      "matrice de récompense\n",
      "[[1.0, 0.0, 0.0, 0.0], [0.0, 1.0, 0.0, 0.0], [1.0, 0.0, 0.0, 0.0], [0.0, 0.0, 0.0, 1.0]]\n",
      "--- Génération 3000 ---\n",
      "Ile 1flip: Meilleur Fitness = 62, Population = 63\n",
      "Ile 3flip: Meilleur Fitness = 60, Population = 16\n",
      "Ile 5flip: Meilleur Fitness = 0, Population = 0\n",
      "Ile BitFlip: Meilleur Fitness = 48, Population = 1\n",
      "Meilleur Fitness Global: 70\n",
      "\n",
      "matrice de migration\n",
      "[[0.9285714285714286, 0.023809523809523826, 0.023809523809523826, 0.023809523809523826], [0.34886899083898837, 0.6035119080559034, 0.023809550552554182, 0.023809550552554182], [0.30757212183025345, 0.6277248709876895, 0.040893483372533235, 0.023809523809523853], [0.06028532007661717, 0.04738370815292416, 0.7003691551015153, 0.19196181666894335]]\n",
      "matrice de récompense\n",
      "[[1.0, 0.0, 0.0, 0.0], [0.0, 1.0, 0.0, 0.0], [0.0, 1.0, 0.0, 0.0], [0.0, 0.0, 1.0, 0.0]]\n",
      "--- Génération 4000 ---\n",
      "Ile 1flip: Meilleur Fitness = 59, Population = 73\n",
      "Ile 3flip: Meilleur Fitness = 57, Population = 5\n",
      "Ile 5flip: Meilleur Fitness = 53, Population = 2\n",
      "Ile BitFlip: Meilleur Fitness = 0, Population = 0\n",
      "Meilleur Fitness Global: 70\n",
      "\n",
      "matrice de migration\n",
      "[[0.9285714285714286, 0.023809523809523826, 0.023809523809523826, 0.023809523809523826], [0.5347521596737735, 0.41762879270717884, 0.02380952380952381, 0.02380952380952381], [0.36418491942795056, 0.5778280432528488, 0.03417751168295932, 0.023809525636241433], [0.024838971824825418, 0.5206100165156706, 0.0986514093385123, 0.35589960232099166]]\n",
      "matrice de récompense\n",
      "[[1.0, 0.0, 0.0, 0.0], [1.0, 0.0, 0.0, 0.0], [0.0, 1.0, 0.0, 0.0], [0.0, 1.0, 0.0, 0.0]]\n",
      "--- Génération 5000 ---\n",
      "Ile 1flip: Meilleur Fitness = 62, Population = 68\n",
      "Ile 3flip: Meilleur Fitness = 58, Population = 8\n",
      "Ile 5flip: Meilleur Fitness = 53, Population = 2\n",
      "Ile BitFlip: Meilleur Fitness = 50, Population = 2\n",
      "Meilleur Fitness Global: 70\n",
      "\n"
     ]
    },
    {
     "data": {
      "text/plain": [
       "<Figure size 1200x600 with 1 Axes>"
      ],
